0.045923192657354
0.023073338530554
0.024221101744492
0.026204104323273
0.029081574117717
0.032919321287749
0.03778579215206
0.043725394110143
0.050793442333521
0.059100292870938
0.068704950985819
0.079606831075763
0.091849801159332
0.10547390559887
0.12051503194447
0.13700461348699
0.15496937069268
0.17443109361728
0.19540646623843
0.21790693243631
0.24193860213146
0.26752371609325
0.29485300174415
0.32370663629212
0.35406529971494
0.38580594949013
0.41916697215594
0.45394626773433
0.49010346114615
0.52759309757806
0.56636468742973
0.60627189075012
0.64733558571102
0.68946859069728
0.73258647467218
0.77667457263197
0.82163975735542
0.86735707310514
0.91379785113565
0.96086361574923
1.008448330247
1.0564378178477
1.1047091427113
1.1531299674132
1.2015579087821
1.2498399204624
1.297811737893
1.3452974295142
1.3920278182645
1.4378444079453
1.4825369059743
1.525763173133
1.5674173146462
1.6072596398136
1.6448670164642
1.6801366524451
1.7128426083034
1.7427430310515
1.7696060499283
1.7932154676212
1.8131385460001
1.8294475576036
1.8417810000449
1.8502929461319
1.8549489633837
1.8557609732173
1.8527947545835
1.8463999498472
1.8365173364394
1.8234167524867
1.8076668070731
1.7892073719703
1.7683008480992
1.7453174338029
1.7206393706983
1.6946500611482
1.6677237367637
1.6402162046958
1.6124570803685
1.5847437722115
1.5573373345665
1.5304601661138
1.5042954156245
1.4789878719955
1.4546460635509
1.4313465745902
1.4092503167595
1.3882316178
1.3682949284715
1.3494263787887
1.3315976334905
1.3147694450698
1.2988948291868
1.2839218206225
1.2697957955102
1.2564613674189
1.2438638812906
1.231950540798
1.2206712120043
1.2099789499307
1.1998302954029
1.1902078641195
1.1810843311541
1.1723809088721
1.1640725548684
1.1561359285959
1.1485494440257
1.1412932501987
1.1343491621765
1.1277005605195
1.1213685993328
1.1153087812781
1.1094897784108
1.1039051150668
1.0985473861611
1.0934088228309
1.0884816496346
1.0837582989927
1.0792315305285
1.0748944890067
1.0707407240575
1.0667641872119
1.062959216333
1.0593205137787
1.0558431221271
1.0525223996652
1.0493539968234
1.0463338341188
1.0434825105624
1.0407644784643
1.0381804679684
1.0357291708966
1.0334083914258
1.0312156393041
1.0291483874457
1.0272041775092
1.0253806587913
1.0236755989341
1.0220868832786
1.0206125099842
1.0192505838165
1.0179993097311
1.0168569866605
1.0158220016326
1.014892824244
1.0140680014749
1.0133461528241
1.0127259657369
1.0122061913072
1.011785640229
1.0114631789821
1.011237726235
1.0111189441872
1.0110948384488
1.0111633007146
1.0113244110813
1.0115775180041
1.0119218672104
1.0123567141209
1.0128813414655
1.0134940160698
1.0141945651169
1.0149828852679
1.0158582096247
1.0168198489847
1.0178673752465
1.0190003021381
1.0202181650098
1.0215205189131
1.0229061679568
1.0243732490042
1.0259237937944
1.0275573018931
1.0292734482597
1.0310719373012
1.0329524941203
1.0349148647928
1.0369588174072
1.0390841433761
1.0412906589961
1.0435782072564
1.0459466598958
1.0483959197072
1.050925923085
1.0535366428102
1.0562280910653
1.0590003226693
1.0618534385198
1.0647816838178
1.0677739961731
1.0708436167985
1.0740001809725
1.0772402321549
1.0805643268696
1.0839731310038
1.0874673916052
1.0910479410249
1.094715701319
1.0984716886683
1.1023170178109
1.1062529064903
1.1102806799272
1.1144017753346
1.1186177465011
1.122930268479
1.1273411424254
1.1318492378582
1.1364381884175
1.1411414682416
1.1459532938581
1.1508762815855
1.1559132144093
1.1610670471917
1.1663409158972
1.1717381480352
1.1772622745272
1.1829170432299
1.1887064343662
1.1946346781441
1.2007062748641
1.2069260178466
1.2132990195321
1.2198307411367
1.2265270262689
1.2333941389323
1.2404388063611
1.2476682671424
1.2550903250865
1.2627134093069
1.2705426457837
1.2785930754767
1.2868775343457
1.2954078010676
1.304196687988
1.3132581534935
1.3226074325179
1.332261195998
1.3422377607281
1.3525573917086
1.3632427789059
1.3743198468708
1.3858192027465
1.3977788116233
1.4102490377102
1.4233022672119
1.4370514864714
1.4516866912023
1.4675481682351
1.4852821060215
1.5062364477032
1.5334829943237
1.5767369246124
1.7163394566441
NAN
