0.045
0.405
0.446227155602
0.125
0.0006781139645
0.063836647298
0.028102040738
0.0068139970605
0.0046434920805
0.2075979717245
0.116762381768
0.245
0.00536751605
0.0192929617445
0.3738037587245
0.0501896739645
0.545256182088
0.405
0.2768833320125
0.0132335299845
0.18
0.0068717881445
0.1265346818
0.245
0.0047047910045
0.3559275006125
0.0100687983245
0.32
0.1369052231805
0.0655726898
0.125
0.065534308578
0.405
0.27632178
0.065510416512
0
0.18
0.1694114736125
0
0.08
0.105201927602
0.050575356882
0.7725481171805
0.5
0.7980076611125
0.245
0.0808180808
0.3690444463205
0.219601550088
0.5222757265445
0.02
0.02
0.405
0.2060839260045
0.0877943275445
0.1581114507845
0.275282
0.012896822408
0.005
0.02
0.005
0.18
0.050952619538
0.7710298946045
0.245
0.019789357568
0.7964116045205
0.08
0.217840921922
0.337266845
0.5
0.2190061653125
0.1929204939605
0.009765869768
0.08
0.2181056871845
0.423952894562
0.245
0.005045703968
0.12520508405
0.18
0.0072104437845
0.3201928290405
0.32
0.3365978176125
0.045
0.125
0.012687926402
0.005
0
0.045
0.18
0.0243174020445
0.2592799261605
0.045
0.02
0.08
0.06527968445
0.033534802242
0.18
