0.094685385886817
0.083022531075638
0.11324250061415
0.088845577139538
0.086603360324703
0.10242540559516
0.098734564474958
0.090336321640941
0.11112404245411
0.11257899911515
0.11112072049927
0.12241154506825
0.12945917852137
0.12684347479988
0.13710843131465
0.16691868793796
0.15923358130725
0.15842614304306
0.18559997671347
0.17691945001864
0.20557984339348
0.21969763551621
0.25344598876524
0.25684933253117
0.25757978534128
0.2407047505873
0.23923885594778
0.23184886437172
0.205046825
0.25324625
0.263270725
0.22786445
0.2047223375
0.3025536125
0.2428906
0.2280613125
0.25473225
0.2229579625
0.23520955
0.226581025
0.23467635
0.2561837625
0.2469633375
0.236843825
0.264872075
0.17148685
0.212862075
0.2312655875
0.2388634
0.243410175
0.209823275
0.2698036375
0.224769575
0.2477072875
0.19692745
0.225063725
0.270253575
0.2079172625
0.228476425
0.225446225
0.2571659625
0.2711484875
0.1951778125
0.2227451375
0.2544893125
0.3107683875
0.196193225
0.187923375
0.2602432875
0.2635575625
0.2549830125
0.266102175
0.2451483375
0.2660476
0.2937197125
0.2847732
0.204840775
0.27805305
0.2777348625
0.2728218625
0.273359275
0.255827775
0.260910275
0.2054043125
0.228108725
0.28264165
0.264736875
0.250306925
0.2549232875
0.2934303125
0.259910275
0.2537657375
0.22738245
0.18001395
0.2619011875
0.217849925
0.2953904625
0.242899325
0.305035425
0.2276106375
