0.021963349638928
0.020081655760849
0.018810943889342
0.017947267486385
0.01735709397463
0.016952134033846
0.016673399493455
0.016481112283678
0.01634824642789
0.016256333737616
0.016192699741731
0.016148618943932
0.016118071000966
0.016096895455582
0.016082213941548
0.016072033532717
0.016064973609369
0.016060077368181
0.016056681544815
0.016054326273753
0.016052692672426
0.016051559599755
0.016050773687671
0.016050228566186
0.016049850459111
0.016049588195634
0.016049406283414
0.016049280104539
0.016049192583606
0.016049131876773
0.016049089768886
0.016049060561715
0.016049040302825
0.016049026250704
0.016049016503766
0.016049009743022
0.016049005053583
0.016049001800859
0.016048999544679
0.01604899797973
0.016048996894239
0.016048996141312
0.016048995619061
0.016048995256813
0.016048995005548
0.016048994831263
0.016048994710375
0.016048994626523
0.016048994568362
0.016048994528019
0.016048994500036
0.016048994480627
0.016048994467164
0.016048994457825
0.016048994451348
0.016048994446855
0.016048994443739
0.016048994441577
0.016048994440078
0.016048994439038
0.016048994438316
0.016048994437816
0.016048994437469
0.016048994437228
0.016048994437061
0.016048994436945
0.016048994436865
0.016048994436809
0.016048994436771
0.016048994436744
0.016048994436725
0.016048994436712
0.016048994436703
0.016048994436697
0.016048994436693
0.01604899443669
0.016048994436688
0.016048994436686
0.016048994436685
0.016048994436685
0.016048994436684
0.016048994436684
0.016048994436684
0.016048994436683
0.016048994436683
0.016048994436683
0.016048994436683
0.016048994436683
0.016048994436683
0.016048994436683
0.016048994436683
0.016048994436683
0.016048994436683
0.016048994436683
0.016048994436683
0.016048994436683
0.016048994436683
0.016048994436683
0.016048994436683
0.016048994436683
0.016048994436683
0.016048994436683
0.016048994436683
0.016048994436683
0.016048994436683
0.016048994436683
0.016048994436683
0.016048994436683
0.016048994436683
0.016048994436683
0.016048994436683
0.016048994436683
0.016048994436683
0.016048994436683
0.016048994436683
0.016048994436683
0.016048994436683
0.016048994436683
0.016048994436683
0.016048994436683
0.016048994436683
0.016048994436683
0.016048994436683
0.016048994436683
0.016048994436683
0.016048994436683
0.016048994436683
0.016048994436683
0.016048994436683
0.016048994436683
0.016048994436683
0.016048994436683
0.016048994436683
0.016048994436683
0.016048994436683
0.016048994436683
0.016048994436683
0.016048994436683
0.016048994436683
0.016048994436683
0.016048994436683
0.016048994436683
0.016048994436683
0.016048994436683
0.016048994436683
0.016048994436683
0.016048994436683
0.016048994436683
0.016048994436683
0.016048994436683
0.016048994436683
0.016048994436683
0.016048994436683
0.016048994436683
0.016048994436683
0.016048994436683
0.016048994436683
0.016048994436683
0.016048994436683
0.016048994436683
0.016048994436683
0.016048994436683
0.016048994436683
0.016048994436683
0.016048994436683
0.016048994436683
0.016048994436683
0.016048994436683
0.016048994436683
0.016048994436683
0.016048994436683
0.016048994436683
0.016048994436683
0.016048994436683
0.016048994436683
0.016048994436683
0.016048994436683
0.016048994436683
0.016048994436683
0.016048994436683
0.016048994436683
0.016048994436683
0.016048994436683
0.016048994436683
0.016048994436683
0.016048994436683
0.016048994436683
0.016048994436683
0.016048994436683
0.016048994436683
0.016048994436683
0.016048994436683
0.016048994436683
0.016048994436683
0.016048994436683
0.016048994436683
0.016048994436683
0.016048994436683
0.016048994436683
0.016048994436683
0.016048994436683
0.016048994436683
0.016048994436683
0.016048994436683
0.016048994436683
0.016048994436683
0.016048994436683
0.016048994436683
0.016048994436683
0.016048994436683
0.016048994436683
0.016048994436683
0.016048994436683
0.016048994436683
0.016048994436683
0.016048994436683
0.016048994436683
0.016048994436683
0.016048994436683
0.016048994436683
0.016048994436683
0.016048994436683
0.016048994436683
0.016048994436683
0.016048994436683
0.016048994436683
0.016048994436683
0.016048994436683
0.016048994436683
0.016048994436683
0.016048994436683
0.016048994436683
0.016048994436683
0.016048994436683
0.016048994436683
0.016048994436683
0.016048994436683
0.016048994436683
0.016048994436683
0.016048994436683
0.016048994436683
0.016048994436683
0.016048994436683
0.016048994436683
0.016048994436683
0.016048994436683
0.016048994436683
0.016048994436683
0.016048994436683
0.016048994436683
0.016048994436683
0.016048994436683
0.016048994436683
0.016048994436683
0.016048994436683
0.016048994436683
0.016048994436683
0.016048994436683
0.016048994436683
0.016048994436683
0.016048994436683
0.016048994436683
0.016048994436683
0.016048994436683
0.016048994436683
0.016048994436683
0.016048994436683
0.016048994436683
0.016048994436683
0.016048994436683
0.016048994436683
0.016048994436683
0.016048994436683
0.016048994436683
0.016048994436683
0.016048994436683
0.016048994436683
0.016048994436683
0.016048994436683
0.016048994436683
0.016048994436683
0.016048994436683
0.016048994436683
0.016048994436683
0.016048994436683
0.016048994436683
0.016048994436683
0.016048994436683
0.016048994436683
0.016048994436683
0.016048994436683
0.016048994436683
0.016048994436683
0.016048994436683
0.016048994436683
0.016048994436683
0.016048994436683
0.016048994436683
0.016048994436683
0.016048994436683
0.016048994436683
0.016048994436683
0.016048994436683
0.016048994436683
0.016048994436683
0.016048994436683
0.016048994436683
0.016048994436683
0.016048994436683
0.016048994436683
0.016048994436683
0.016048994436683
0.016048994436683
0.016048994436683
0.016048994436683
0.016048994436683
0.016048994436683
0.016048994436683
0.016048994436683
0.016048994436683
0.016048994436683
0.016048994436683
0.016048994436683
0.016048994436683
0.016048994436683
0.016048994436683
0.016048994436683
0.016048994436683
0.016048994436683
0.016048994436683
0.016048994436683
0.016048994436683
0.016048994436683
0.016048994436683
0.016048994436683
0.016048994436683
0.016048994436683
0.016048994436683
0.016048994436683
0.016048994436683
0.016048994436683
0.016048994436683
0.016048994436683
0.016048994436683
0.016048994436683
0.016048994436683
0.016048994436683
0.016048994436683
0.016048994436683
0.016048994436683
0.016048994436683
0.016048994436683
0.016048994436683
0.016048994436683
0.016048994436683
0.016048994436683
0.016048994436683
0.016048994436683
0.016048994436683
0.016048994436683
0.016048994436683
0.016048994436683
0.016048994436683
0.016048994436683
0.016048994436683
0.016048994436683
0.016048994436683
0.016048994436683
0.016048994436683
0.016048994436683
0.016048994436683
0.016048994436683
0.016048994436683
0.016048994436683
0.016048994436683
0.016048994436683
0.016048994436683
0.016048994436683
0.016048994436683
0.016048994436683
0.016048994436683
0.016048994436683
0.016048994436683
0.016048994436683
0.016048994436683
0.016048994436683
0.016048994436683
0.016048994436683
0.016048994436683
0.016048994436683
0.016048994436683
0.016048994436683
0.016048994436683
0.016048994436683
0.016048994436683
0.016048994436683
0.016048994436683
0.016048994436683
0.016048994436683
0.016048994436683
0.016048994436683
0.016048994436683
0.016048994436683
0.016048994436683
0.016048994436683
0.016048994436683
0.016048994436683
0.016048994436683
0.016048994436683
0.016048994436683
0.016048994436683
0.016048994436683
0.016048994436683
0.016048994436683
0.016048994436683
0.016048994436683
0.016048994436683
0.016048994436683
0.016048994436683
0.016048994436683
0.016048994436683
0.016048994436683
0.016048994436683
0.016048994436683
0.016048994436683
0.016048994436683
0.016048994436683
0.016048994436683
0.016048994436683
0.016048994436683
0.016048994436683
0.016048994436683
0.016048994436683
0.016048994436683
0.016048994436683
0.016048994436683
0.016048994436683
0.016048994436683
0.016048994436683
0.016048994436683
0.016048994436683
0.016048994436683
0.016048994436683
0.016048994436683
0.016048994436683
0.016048994436683
0.016048994436683
0.016048994436683
0.016048994436683
0.016048994436683
0.016048994436683
0.016048994436683
0.016048994436683
0.016048994436683
0.016048994436683
0.016048994436683
0.016048994436683
0.016048994436683
0.016048994436683
0.016048994436683
0.016048994436683
0.016048994436683
0.016048994436683
0.016048994436683
0.016048994436683
0.016048994436683
0.016048994436683
0.016048994436683
0.016048994436683
0.016048994436683
0.016048994436683
0.016048994436683
0.016048994436683
0.016048994436683
0.016048994436683
0.016048994436683
0.016048994436683
0.016048994436683
0.016048994436683
0.016048994436683
0.016048994436683
0.016048994436683
0.016048994436683
0.016048994436683
0.016048994436683
0.016048994436683
0.016048994436683
0.016048994436683
0.016048994436683
0.016048994436683
0.016048994436683
0.016048994436683
0.016048994436683
0.016048994436683
0.016048994436683
0.016048994436683
0.016048994436683
0.016048994436683
0.016048994436683
0.016048994436683
0.016048994436683
0.016048994436683
0.016048994436683
0.016048994436683
0.016048994436683
0.016048994436683
0.016048994436683
0.016048994436683
0.016048994436683
0.016048994436683
0.016048994436683
0.016048994436683
0.016048994436683
0.016048994436683
0.016048994436683
0.016048994436683
0.016048994436683
0.016048994436683
0.016048994436683
0.016048994436683
0.016048994436683
0.016048994436683
0.016048994436683
0.016048994436683
0.016048994436683
0.016048994436683
0.016048994436683
0.016048994436683
0.016048994436683
0.016048994436683
0.016048994436683
0.016048994436683
0.016048994436683
0.016048994436683
0.016048994436683
0.016048994436683
0.016048994436683
0.016048994436683
0.016048994436683
0.016048994436683
0.016048994436683
0.016048994436683
0.016048994436683
0.016048994436683
0.016048994436683
0.016048994436683
0.016048994436683
0.016048994436683
0.016048994436683
0.016048994436683
0.016048994436683
0.016048994436683
0.016048994436683
0.016048994436683
0.016048994436683
0.016048994436683
0.016048994436683
0.016048994436683
0.016048994436683
0.016048994436683
0.016048994436683
0.016048994436683
0.016048994436683
0.016048994436683
0.016048994436683
0.016048994436683
0.016048994436683
0.016048994436683
0.016048994436683
0.016048994436683
0.016048994436683
0.016048994436683
0.016048994436683
0.016048994436683
0.016048994436683
0.016048994436683
0.016048994436683
0.016048994436683
0.016048994436683
0.016048994436683
0.016048994436683
0.016048994436683
0.016048994436683
0.016048994436683
0.016048994436683
0.016048994436683
0.016048994436683
0.016048994436683
0.016048994436683
0.016048994436683
0.016048994436683
0.016048994436683
0.016048994436683
0.016048994436683
0.016048994436683
0.016048994436683
0.016048994436683
0.016048994436683
0.016048994436683
0.016048994436683
0.016048994436683
0.016048994436683
0.016048994436683
0.016048994436683
0.016048994436683
0.016048994436683
0.016048994436683
0.016048994436683
0.016048994436683
0.016048994436683
0.016048994436683
0.016048994436683
0.016048994436683
0.016048994436683
0.016048994436683
0.016048994436683
0.016048994436683
0.016048994436683
0.016048994436683
0.016048994436683
0.016048994436683
0.016048994436683
0.016048994436683
0.016048994436683
0.016048994436683
0.016048994436683
0.016048994436683
0.016048994436683
0.016048994436683
0.016048994436683
0.016048994436683
0.016048994436683
0.016048994436683
0.016048994436683
0.016048994436683
0.016048994436683
0.016048994436683
0.016048994436683
0.016048994436683
0.016048994436683
0.016048994436683
0.016048994436683
0.016048994436683
0.016048994436683
0.016048994436683
0.016048994436683
0.016048994436683
0.016048994436683
0.016048994436683
0.016048994436683
0.016048994436683
0.016048994436683
0.016048994436683
0.016048994436683
0.016048994436683
0.016048994436683
0.016048994436683
0.016048994436683
0.016048994436683
0.016048994436683
0.016048994436683
0.016048994436683
0.016048994436683
0.016048994436683
0.016048994436683
0.016048994436683
0.016048994436683
0.016048994436683
0.016048994436683
0.016048994436683
0.016048994436683
0.016048994436683
0.016048994436683
0.016048994436683
0.016048994436683
0.016048994436683
0.016048994436683
0.016048994436683
0.016048994436683
0.016048994436683
0.016048994436683
0.016048994436683
0.016048994436683
0.016048994436683
0.016048994436683
0.016048994436683
0.016048994436683
0.016048994436683
0.016048994436683
0.016048994436683
0.016048994436683
0.016048994436683
0.016048994436683
0.016048994436683
0.016048994436683
0.016048994436683
0.016048994436683
0.016048994436683
0.016048994436683
0.016048994436683
0.016048994436683
0.016048994436683
0.016048994436683
0.016048994436683
0.016048994436683
0.016048994436683
0.016048994436683
0.016048994436683
0.016048994436683
0.016048994436683
0.016048994436683
0.016048994436683
0.016048994436683
0.016048994436683
0.016048994436683
0.016048994436683
0.016048994436683
0.016048994436683
0.016048994436683
0.016048994436683
0.016048994436683
0.016048994436683
0.016048994436683
0.016048994436683
0.016048994436683
0.016048994436683
0.016048994436683
0.016048994436683
0.016048994436683
0.016048994436683
0.016048994436683
0.016048994436683
0.016048994436683
0.016048994436683
0.016048994436683
0.016048994436683
0.016048994436683
0.016048994436683
0.016048994436683
0.016048994436683
0.016048994436683
0.016048994436683
0.016048994436683
0.016048994436683
0.016048994436683
0.016048994436683
0.016048994436683
0.016048994436683
0.016048994436683
0.016048994436683
0.016048994436683
0.016048994436683
0.016048994436683
0.016048994436683
0.016048994436683
0.016048994436683
0.016048994436683
0.016048994436683
0.016048994436683
0.016048994436683
0.016048994436683
0.016048994436683
0.016048994436683
0.016048994436683
0.016048994436683
0.016048994436683
0.016048994436683
0.016048994436683
0.016048994436683
0.016048994436683
0.016048994436683
0.016048994436683
0.016048994436683
0.016048994436683
0.016048994436683
0.016048994436683
0.016048994436683
0.016048994436683
0.016048994436683
0.016048994436683
0.016048994436683
0.016048994436683
0.016048994436683
0.016048994436683
0.016048994436683
0.016048994436683
0.016048994436683
0.016048994436683
0.016048994436683
0.016048994436683
0.016048994436683
0.016048994436683
0.016048994436683
0.016048994436683
0.016048994436683
0.016048994436683
0.016048994436683
0.016048994436683
0.016048994436683
0.016048994436683
0.016048994436683
0.016048994436683
0.016048994436683
0.016048994436683
0.016048994436683
0.016048994436683
0.016048994436683
0.016048994436683
0.016048994436683
0.016048994436683
0.016048994436683
0.016048994436683
0.016048994436683
0.016048994436683
0.016048994436683
0.016048994436683
0.016048994436683
0.016048994436683
0.016048994436683
0.016048994436683
0.016048994436683
0.016048994436683
0.016048994436683
0.016048994436683
0.016048994436683
0.016048994436683
0.016048994436683
0.016048994436683
0.016048994436683
0.016048994436683
0.016048994436683
0.016048994436683
0.016048994436683
0.016048994436683
0.016048994436683
0.016048994436683
0.016048994436683
0.016048994436683
0.016048994436683
0.016048994436683
0.016048994436683
0.016048994436683
0.016048994436683
0.016048994436683
0.016048994436683
0.016048994436683
0.016048994436683
0.016048994436683
0.016048994436683
0.016048994436683
0.016048994436683
0.016048994436683
0.016048994436683
0.016048994436683
0.016048994436683
0.016048994436683
0.016048994436683
0.016048994436683
0.016048994436683
0.016048994436683
0.016048994436683
0.016048994436683
0.016048994436683
0.016048994436683
0.016048994436683
0.016048994436683
0.016048994436683
0.016048994436683
0.016048994436683
0.016048994436683
0.016048994436683
0.016048994436683
0.016048994436683
0.016048994436683
0.016048994436683
0.016048994436683
0.016048994436683
0.016048994436683
0.016048994436683
0.016048994436683
0.016048994436683
0.016048994436683
0.016048994436683
0.016048994436683
0.016048994436683
0.016048994436683
0.016048994436683
0.016048994436683
0.016048994436683
0.016048994436683
0.016048994436683
0.016048994436683
0.016048994436683
0.016048994436683
0.016048994436683
0.016048994436683
0.016048994436683
0.016048994436683
0.016048994436683
0.016048994436683
0.016048994436683
0.016048994436683
0.016048994436683
0.016048994436683
0.016048994436683
0.016048994436683
0.016048994436683
0.016048994436683
0.016048994436683
0.016048994436683
0.016048994436683
0.016048994436683
0.016048994436683
0.016048994436683
0.016048994436683
0.016048994436683
0.016048994436683
0.016048994436683
0.016048994436683
0.016048994436683
0.016048994436683
0.016048994436683
0.016048994436683
0.016048994436683
0.016048994436683
0.016048994436683
0.016048994436683
0.016048994436683
0.016048994436683
0.016048994436683
0.016048994436683
0.016048994436683
0.016048994436683
0.016048994436683
0.016048994436683
0.016048994436683
0.016048994436683
0.016048994436683
0.016048994436683
0.016048994436683
0.016048994436683
0.016048994436683
0.016048994436683
0.016048994436683
0.016048994436683
0.016048994436683
0.016048994436683
0.016048994436683
0.016048994436683
0.016048994436683
0.016048994436683
0.016048994436683
0.016048994436683
0.016048994436683
0.016048994436683
0.016048994436683
0.016048994436683
0.016048994436683
0.016048994436683
0.016048994436683
0.016048994436683
0.016048994436683
0.016048994436683
0.016048994436683
0.016048994436683
0.016048994436683
0.016048994436683
0.016048994436683
0.016048994436683
0.016048994436683
0.016048994436683
0.016048994436683
0.016048994436683
0.016048994436683
0.016048994436683
0.016048994436683
0.016048994436683
0.016048994436683
0.016048994436683
0.016048994436683
0.016048994436683
0.016048994436683
0.016048994436683
0.016048994436683
0.016048994436683
0.016048994436683
0.016048994436683
0.016048994436683
0.016048994436683
0.016048994436683
0.016048994436683
0.016048994436683
0.016048994436683
0.016048994436683
0.016048994436683
0.016048994436683
0.016048994436683
0.016048994436683
0.016048994436683
0.016048994436683
0.016048994436683
0.016048994436683
0.016048994436683
0.016048994436683
0.016048994436683
0.016048994436683
0.016048994436683
0.016048994436683
0.016048994436683
0.016048994436683
0.016048994436683
0.016048994436683
0.016048994436683
0.016048994436683
0.016048994436683
0.016048994436683
0.016048994436683
0.016048994436683
0.016048994436683
0.016048994436683
0.016048994436683
0.016048994436683
0.016048994436683
0.016048994436683
0.016048994436683
0.016048994436683
0.016048994436683
0.016048994436683
0.016048994436683
0.016048994436683
0.016048994436683
0.016048994436683
0.016048994436683
0.016048994436683
0.016048994436683
0.016048994436683
0.016048994436683
0.016048994436683
0.016048994436683
0.016048994436683
0.016048994436683
0.016048994436683
0.016048994436683
0.016048994436683
0.016048994436683
0.016048994436683
0.016048994436683
0.016048994436683
0.016048994436683
0.016048994436683
0.016048994436683
0.016048994436683
0.016048994436683
0.016048994436683
0.016048994436683
0.016048994436683
0.016048994436683
0.016048994436683
0.016048994436683
0.016048994436683
0.016048994436683
0.016048994436683
0.016048994436683
0.016048994436683
0.016048994436683
0.016048994436683
0.016048994436683
0.016048994436683
0.016048994436683
0.016048994436683
0.016048994436683
0.016048994436683
0.016048994436683
0.016048994436683
0.016048994436683
0.016048994436683
0.016048994436683
0.016048994436683
0.016048994436683
0.016048994436683
0.016048994436683
0.016048994436683
0.016048994436683
0.016048994436683
0.016048994436683
0.016048994436683
0.016048994436683
0.016048994436683
0.016048994436683
0.016048994436683
0.016048994436683
0.016048994436683
0.016048994436683
0.016048994436683
0.016048994436683
0.016048994436683
0.016048994436683
0.016048994436683
0.016048994436683
0.016048994436683
0.016048994436683
0.016048994436683
0.016048994436683
0.016048994436683
0.016048994436683
0.016048994436683
0.016048994436683
0.016048994436683
0.016048994436683
0.016048994436683
0.016048994436683
0.016048994436683
0.016048994436683
0.016048994436683
0.016048994436683
0.016048994436683
0.016048994436683
0.016048994436683
0.016048994436683
0.016048994436683
0.016048994436683
0.016048994436683
0.016048994436683
0.016048994436683
0.016048994436683
0.016048994436683
0.016048994436683
0.016048994436683
0.016048994436683
0.016048994436683
0.016048994436683
0.016048994436683
0.016048994436683
0.016048994436683
0.016048994436683
0.016048994436683
0.016048994436683
0.016048994436683
0.016048994436683
0.016048994436683
0.016048994436683
0.016048994436683
0.016048994436683
0.016048994436683
0.016048994436683
0.016048994436683
0.016048994436683
0.016048994436683
0.016048994436683
0.016048994436683
0.016048994436683
0.016048994436683
0.016048994436683
0.016048994436683
0.016048994436683
0.016048994436683
0.016048994436683
0.016048994436683
0.016048994436683
0.016048994436683
0.016048994436683
0.016048994436683
0.016048994436683
0.016048994436683
0.016048994436683
0.016048994436683
0.016048994436683
0.016048994436683
0.016048994436683
0.016048994436683
0.016048994436683
0.016048994436683
0.016048994436683
0.016048994436683
0.016048994436683
0.016048994436683
0.016048994436683
0.016048994436683
0.016048994436683
0.016048994436683
0.016048994436683
0.016048994436683
0.016048994436683
0.016048994436683
0.016048994436683
0.016048994436683
0.016048994436683
0.016048994436683
0.016048994436683
0.016048994436683
0.016048994436683
0.016048994436683
0.016048994436683
0.016048994436683
0.016048994436683
0.016048994436683
0.016048994436683
0.016048994436683
0.016048994436683
0.016048994436683
0.016048994436683
0.016048994436683
0.016048994436683
0.016048994436683
0.016048994436683
0.016048994436683
0.016048994436683
0.016048994436683
0.016048994436683
0.016048994436683
0.016048994436683
0.016048994436683
0.016048994436683
0.016048994436683
0.016048994436683
0.016048994436683
0.016048994436683
0.016048994436683
0.016048994436683
0.016048994436683
0.016048994436683
0.016048994436683
0.016048994436683
0.016048994436683
0.016048994436683
0.016048994436683
0.016048994436683
0.016048994436683
0.016048994436683
0.016048994436683
0.016048994436683
0.016048994436683
0.016048994436683
0.016048994436683
0.016048994436683
0.016048994436683
0.016048994436683
0.016048994436683
0.016048994436683
0.016048994436683
0.016048994436683
0.016048994436683
0.016048994436683
0.016048994436683
0.016048994436683
0.016048994436683
0.016048994436683
0.016048994436683
0.016048994436683
0.016048994436683
0.016048994436683
0.016048994436683
0.016048994436683
0.016048994436683
0.016048994436683
0.016048994436683
0.016048994436683
0.016048994436683
0.016048994436683
0.016048994436683
0.016048994436683
0.016048994436683
0.016048994436683
0.016048994436683
0.016048994436683
0.016048994436683
0.016048994436683
0.016048994436683
0.016048994436683
0.016048994436683
0.016048994436683
0.016048994436683
0.016048994436683
0.016048994436683
0.016048994436683
0.016048994436683
0.016048994436683
0.016048994436683
0.016048994436683
0.016048994436683
0.016048994436683
0.016048994436683
0.016048994436683
0.016048994436683
0.016048994436683
0.016048994436683
0.016048994436683
0.016048994436683
0.016048994436683
0.016048994436683
0.016048994436683
0.016048994436683
0.016048994436683
0.016048994436683
0.016048994436683
0.016048994436683
0.016048994436683
0.016048994436683
0.016048994436683
0.016048994436683
0.016048994436683
0.016048994436683
0.016048994436683
0.016048994436683
0.016048994436683
0.016048994436683
0.016048994436683
0.016048994436683
0.016048994436683
0.016048994436683
0.016048994436683
0.016048994436683
0.016048994436683
0.016048994436683
0.016048994436683
0.016048994436683
0.016048994436683
0.016048994436683
0.016048994436683
0.016048994436683
0.016048994436683
0.016048994436683
0.016048994436683
0.016048994436683
0.016048994436683
0.016048994436683
0.016048994436683
0.016048994436683
0.016048994436683
0.016048994436683
0.016048994436683
0.016048994436683
0.016048994436683
0.016048994436683
0.016048994436683
0.016048994436683
0.016048994436683
0.016048994436683
0.016048994436683
0.016048994436683
0.016048994436683
0.016048994436683
0.016048994436683
0.016048994436683
0.016048994436683
0.016048994436683
0.016048994436683
0.016048994436683
0.016048994436683
0.016048994436683
0.016048994436683
0.016048994436683
0.016048994436683
0.016048994436683
0.016048994436683
0.016048994436683
0.016048994436683
0.016048994436683
0.016048994436683
0.016048994436683
0.016048994436683
0.016048994436683
0.016048994436683
0.016048994436683
0.016048994436683
0.016048994436683
0.016048994436683
0.016048994436683
0.016048994436683
0.016048994436683
0.016048994436683
0.016048994436683
0.016048994436683
0.016048994436683
0.016048994436683
0.016048994436683
0.016048994436683
0.016048994436683
0.016048994436683
0.016048994436683
0.016048994436683
0.016048994436683
0.016048994436683
0.016048994436683
0.016048994436683
0.016048994436683
0.016048994436683
0.016048994436683
0.016048994436683
0.016048994436683
0.016048994436683
0.016048994436683
0.016048994436683
0.016048994436683
0.016048994436683
0.016048994436683
0.016048994436683
0.016048994436683
0.016048994436683
0.016048994436683
0.016048994436683
0.016048994436683
0.016048994436683
0.016048994436683
0.016048994436683
0.016048994436683
0.016048994436683
0.016048994436683
0.016048994436683
0.016048994436683
0.016048994436683
0.016048994436683
0.016048994436683
0.016048994436683
0.016048994436683
0.016048994436683
0.016048994436683
0.016048994436683
0.016048994436683
0.016048994436683
0.016048994436683
0.016048994436683
0.016048994436683
0.016048994436683
0.016048994436683
0.016048994436683
0.016048994436683
0.016048994436683
0.016048994436683
0.016048994436683
0.016048994436683
0.016048994436683
0.016048994436683
0.016048994436683
0.016048994436683
0.016048994436683
0.016048994436683
0.016048994436683
0.016048994436683
0.016048994436683
0.016048994436683
0.016048994436683
0.016048994436683
0.016048994436683
0.016048994436683
0.016048994436683
0.016048994436683
0.016048994436683
0.016048994436683
0.016048994436683
0.016048994436683
0.016048994436683
0.016048994436683
0.016048994436683
0.016048994436683
0.016048994436683
0.016048994436683
0.016048994436683
0.016048994436683
0.016048994436683
0.016048994436683
0.016048994436683
0.016048994436683
0.016048994436683
0.016048994436683
0.016048994436683
0.016048994436683
0.016048994436683
0.016048994436683
0.016048994436683
0.016048994436683
0.016048994436683
0.016048994436683
0.016048994436683
0.016048994436683
0.016048994436683
0.016048994436683
0.016048994436683
0.016048994436683
0.016048994436683
0.016048994436683
0.016048994436683
0.016048994436683
0.016048994436683
0.016048994436683
0.016048994436683
0.016048994436683
0.016048994436683
0.016048994436683
0.016048994436683
0.016048994436683
0.016048994436683
0.016048994436683
0.016048994436683
0.016048994436683
0.016048994436683
0.016048994436683
0.016048994436683
0.016048994436683
0.016048994436683
0.016048994436683
0.016048994436683
0.016048994436683
0.016048994436683
0.016048994436683
0.016048994436683
0.016048994436683
0.016048994436683
0.016048994436683
0.016048994436683
0.016048994436683
0.016048994436683
0.016048994436683
0.016048994436683
0.016048994436683
0.016048994436683
0.016048994436683
0.016048994436683
0.016048994436683
0.016048994436683
0.016048994436683
0.016048994436683
0.016048994436683
0.016048994436683
0.016048994436683
0.016048994436683
0.016048994436683
0.016048994436683
0.016048994436683
0.016048994436683
0.016048994436683
0.016048994436683
0.016048994436683
0.016048994436683
0.016048994436683
0.016048994436683
0.016048994436683
0.016048994436683
0.016048994436683
0.016048994436683
0.016048994436683
0.016048994436683
0.016048994436683
0.016048994436683
0.016048994436683
0.016048994436683
0.016048994436683
0.016048994436683
0.016048994436683
0.016048994436683
0.016048994436683
0.016048994436683
0.016048994436683
0.016048994436683
0.016048994436683
0.016048994436683
0.016048994436683
0.016048994436683
0.016048994436683
0.016048994436683
0.016048994436683
0.016048994436683
0.016048994436683
0.016048994436683
0.016048994436683
0.016048994436683
0.016048994436683
0.016048994436683
0.016048994436683
0.016048994436683
0.016048994436683
0.016048994436683
0.016048994436683
0.016048994436683
0.016048994436683
0.016048994436683
0.016048994436683
0.016048994436683
0.016048994436683
0.016048994436683
0.016048994436683
0.016048994436683
0.016048994436683
0.016048994436683
0.016048994436683
0.016048994436683
0.016048994436683
0.016048994436683
0.016048994436683
0.016048994436683
0.016048994436683
0.016048994436683
0.016048994436683
0.016048994436683
0.016048994436683
0.016048994436683
0.016048994436683
0.016048994436683
0.016048994436683
0.016048994436683
0.016048994436683
0.016048994436683
0.016048994436683
0.016048994436683
0.016048994436683
0.016048994436683
0.016048994436683
0.016048994436683
0.016048994436683
0.016048994436683
0.016048994436683
0.016048994436683
0.016048994436683
0.016048994436683
0.016048994436683
0.016048994436683
0.016048994436683
0.016048994436683
0.016048994436683
0.016048994436683
0.016048994436683
0.016048994436683
0.016048994436683
0.016048994436683
0.016048994436683
0.016048994436683
0.016048994436683
0.016048994436683
0.016048994436683
0.016048994436683
0.016048994436683
0.016048994436683
0.016048994436683
0.016048994436683
0.016048994436683
0.016048994436683
0.016048994436683
0.016048994436683
0.016048994436683
0.016048994436683
0.016048994436683
0.016048994436683
0.016048994436683
0.016048994436683
0.016048994436683
0.016048994436683
0.016048994436683
0.016048994436683
0.016048994436683
0.016048994436683
0.016048994436683
0.016048994436683
0.016048994436683
0.016048994436683
0.016048994436683
0.016048994436683
0.016048994436683
0.016048994436683
0.016048994436683
0.016048994436683
0.016048994436683
0.016048994436683
0.016048994436683
0.016048994436683
0.016048994436683
0.016048994436683
0.016048994436683
0.016048994436683
0.016048994436683
0.016048994436683
0.016048994436683
0.016048994436683
0.016048994436683
0.016048994436683
0.016048994436683
0.016048994436683
0.016048994436683
0.016048994436683
0.016048994436683
0.016048994436683
0.016048994436683
0.016048994436683
0.016048994436683
0.016048994436683
0.016048994436683
0.016048994436683
0.016048994436683
0.016048994436683
0.016048994436683
0.016048994436683
0.016048994436683
0.016048994436683
0.016048994436683
0.016048994436683
0.016048994436683
0.016048994436683
0.016048994436683
0.016048994436683
0.016048994436683
0.016048994436683
0.016048994436683
0.016048994436683
0.016048994436683
0.016048994436683
0.016048994436683
0.016048994436683
0.016048994436683
0.016048994436683
0.016048994436683
0.016048994436683
0.016048994436683
0.016048994436683
0.016048994436683
0.016048994436683
0.016048994436683
0.016048994436683
0.016048994436683
0.016048994436683
0.016048994436683
0.016048994436683
0.016048994436683
0.016048994436683
0.016048994436683
0.016048994436683
0.016048994436683
0.016048994436683
0.016048994436683
0.016048994436683
0.016048994436683
0.016048994436683
0.016048994436683
0.016048994436683
0.016048994436683
0.016048994436683
0.016048994436683
0.016048994436683
0.016048994436683
0.016048994436683
0.016048994436683
0.016048994436683
0.016048994436683
0.016048994436683
0.016048994436683
0.016048994436683
0.016048994436683
0.016048994436683
0.016048994436683
0.016048994436683
0.016048994436683
0.016048994436683
0.016048994436683
0.016048994436683
0.016048994436683
0.016048994436683
0.016048994436683
0.016048994436683
0.016048994436683
0.016048994436683
0.016048994436683
0.016048994436683
0.016048994436683
0.016048994436683
0.016048994436683
0.016048994436683
0.016048994436683
0.016048994436683
0.016048994436683
0.016048994436683
0.016048994436683
0.016048994436683
0.016048994436683
0.016048994436683
0.016048994436683
0.016048994436683
0.016048994436683
0.016048994436683
0.016048994436683
0.016048994436683
0.016048994436683
0.016048994436683
0.016048994436683
0.016048994436683
0.016048994436683
0.016048994436683
0.016048994436683
0.016048994436683
0.016048994436683
0.016048994436683
0.016048994436683
0.016048994436683
0.016048994436683
0.016048994436683
0.016048994436683
0.016048994436683
0.016048994436683
0.016048994436683
0.016048994436683
0.016048994436683
0.016048994436683
0.016048994436683
0.016048994436683
0.016048994436683
0.016048994436683
0.016048994436683
0.016048994436683
0.016048994436683
0.016048994436683
0.016048994436683
0.016048994436683
0.016048994436683
0.016048994436683
0.016048994436683
0.016048994436683
0.016048994436683
0.016048994436683
0.016048994436683
0.016048994436683
0.016048994436683
0.016048994436683
0.016048994436683
0.016048994436683
0.016048994436683
0.016048994436683
0.016048994436683
0.016048994436683
0.016048994436683
0.016048994436683
0.016048994436683
0.016048994436683
0.016048994436683
0.016048994436683
0.016048994436683
0.016048994436683
0.016048994436683
0.016048994436683
0.016048994436683
0.016048994436683
0.016048994436683
0.016048994436683
0.016048994436683
0.016048994436683
0.016048994436683
0.016048994436683
0.016048994436683
0.016048994436683
0.016048994436683
0.016048994436683
0.016048994436683
0.016048994436683
0.016048994436683
0.016048994436683
0.016048994436683
0.016048994436683
0.016048994436683
0.016048994436683
0.016048994436683
0.016048994436683
0.016048994436683
0.016048994436683
0.016048994436683
0.016048994436683
0.016048994436683
0.016048994436683
0.016048994436683
0.016048994436683
0.016048994436683
0.016048994436683
0.016048994436683
0.016048994436683
0.016048994436683
0.016048994436683
0.016048994436683
0.016048994436683
0.016048994436683
0.016048994436683
0.016048994436683
0.016048994436683
0.016048994436683
0.016048994436683
0.016048994436683
0.016048994436683
0.016048994436683
0.016048994436683
0.016048994436683
0.016048994436683
0.016048994436683
0.016048994436683
0.016048994436683
0.016048994436683
0.016048994436683
0.016048994436683
0.016048994436683
0.016048994436683
0.016048994436683
0.016048994436683
0.016048994436683
0.016048994436683
0.016048994436683
0.016048994436683
0.016048994436683
0.016048994436683
0.016048994436683
0.016048994436683
0.016048994436683
0.016048994436683
0.016048994436683
0.016048994436683
0.016048994436683
0.016048994436683
0.016048994436683
0.016048994436683
0.016048994436683
0.016048994436683
0.016048994436683
0.016048994436683
0.016048994436683
0.016048994436683
0.016048994436683
0.016048994436683
0.016048994436683
0.016048994436683
0.016048994436683
0.016048994436683
0.016048994436683
0.016048994436683
0.016048994436683
0.016048994436683
0.016048994436683
0.016048994436683
0.016048994436683
0.016048994436683
0.016048994436683
0.016048994436683
0.016048994436683
0.016048994436683
0.016048994436683
0.016048994436683
0.016048994436683
0.016048994436683
0.016048994436683
0.016048994436683
0.016048994436683
0.016048994436683
0.016048994436683
0.016048994436683
0.016048994436683
0.016048994436683
0.016048994436683
0.016048994436683
0.016048994436683
0.016048994436683
0.016048994436683
0.016048994436683
0.016048994436683
0.016048994436683
0.016048994436683
0.016048994436683
0.016048994436683
0.016048994436683
0.016048994436683
0.016048994436683
0.016048994436683
0.016048994436683
0.016048994436683
0.016048994436683
0.016048994436683
0.016048994436683
0.016048994436683
0.016048994436683
0.016048994436683
0.016048994436683
0.016048994436683
0.016048994436683
0.016048994436683
0.016048994436683
0.016048994436683
0.016048994436683
0.016048994436683
0.016048994436683
0.016048994436683
0.016048994436683
0.016048994436683
0.016048994436683
0.016048994436683
0.016048994436683
0.016048994436683
0.016048994436683
0.016048994436683
0.016048994436683
0.016048994436683
0.016048994436683
0.016048994436683
0.016048994436683
0.016048994436683
0.016048994436683
0.016048994436683
0.016048994436683
0.016048994436683
0.016048994436683
0.016048994436683
